0 65 7654322
0 66 501
0 67 87654322
0 68 29231
0 69 29271
0 70 29341
0 71 72401
0 72 81031
0 73 70121
0 74 8103
0 75 7012
0 76 8103
0 77 70
0 78 81030
0 79 70120
0 80 81030
0 81 70120
0 82 81030
0 83 70120
0 84 81
0 85 700
0 86 100
0 87 799
0 88 1
0 89 1
0 90 1
0 108 100
65 66 7654321
65 67 7010
65 68 2920
65 69 7654321
65 70 2920
65 71 8130
65 72 7120
65 73 1030
65 74 7120
65 75 1030
65 76 7120
65 77 8030
65 78 7120
65 79 103
65 80 120
65 81 83
65 82 712
65 83 803
65 84 912
65 85 803
65 86 712
65 87 803
65 88 712
65 89 803
65 90 712
65 108 81
66 67 2050
66 69 6250
66 70 2230
66 71 2690
66 72 7120
66 73 8030
66 74 7120
66 75 8030
66 76 7120
66 77 803
66 78 7120
66 79 8030
66 80 712
66 81 803
66 82 712
66 83 803
66 84 712
66 85 803
66 86 712
66 87 803
66 88 80
66 89 100
66 90 100
66 108 7654321
67 68 87654321
67 69 9230
67 70 9230
67 71 7120
67 72 7120
67 73 8030
67 74 7120
67 75 8030
67 76 7120
67 77 8030
67 78 7120
67 79 8030
67 80 712
67 81 803
67 82 712
67 83 803
67 84 712
67 85 803
67 86 712
67 87 803
67 88 90
67 89 100
67 90 98
67 108 103
68 66 7654321
68 69 7654321
68 70 2930
68 71 22300
68 72 9230
68 73 92300
68 74 9230
68 75 9230
68 76 9230
68 77 923
68 78 930
68 79 2230
68 80 2930
68 81 2230
68 82 223
68 83 292
68 84 292
68 85 292
68 86 293
68 87 223
68 88 100
68 89 99
68 90 98
68 108 29
69 70 87654321
69 71 2230
69 72 2930
69 73 2930
69 74 2230
69 75 9230
69 76 2920
69 77 2920
69 78 2930
69 79 9230
69 80 93
69 81 293
69 82 293
69 83 293
69 84 293
69 85 76
69 86 768
69 87 76
69 88 100
69 89 768
69 90 76
69 108 78
70 71 3090
70 72 7680
70 73 2930
70 74 2230
70 75 76
70 76 780
70 85 8765432
70 87 98765432
70 108 99
71 72 2050
71 73 7120
71 74 8030
71 75 6970
71 76 7120
71 77 8030
71 78 7120
71 79 8030
71 80 712
71 81 803
71 82 712
71 83 803
71 84 712
71 85 803
71 86 712
71 87 803
71 88 10
71 89 98
71 90 72
71 108 100
72 73 7120
72 74 7120
72 75 8030
72 76 7120
72 77 8030
72 78 7120
72 79 8030
72 80 7120
72 81 803
72 82 712
72 83 803
72 84 712
72 85 803
72 86 712
72 87 803
72 88 98
72 89 81
72 90 71
72 108 91
73 74 452
73 75 380
73 76 700
73 77 813
73 78 702
73 79 813
73 80 702
73 81 813
73 82 702
73 83 813
73 84 702
73 85 813
73 86 702
73 87 813
73 88 78
73 89 81
73 90 712
73 108 93
74 75 1585
74 76 7012
74 77 8103
74 78 7012
74 79 8103
74 80 7012
74 81 803
74 82 12
74 83 803
74 84 712
74 85 803
74 86 12
74 87 103
74 88 89
74 89 81
74 90 72
74 108 97
75 76 7322
75 77 7012
75 78 8103
75 79 7012
75 80 803
75 81 120
75 82 813
75 83 702
75 84 813
75 85 702
75 86 810
75 87 701
75 88 71
75 89 103
75 90 100
75 108 99
76 77 6112
76 78 7012
76 79 8103
76 80 701
76 81 810
76 82 701
76 83 810
76 84 701
76 85 810
76 86 701
76 87 810
76 88 90
76 89 88
76 90 87
76 108 98
77 78 51
77 79 70
77 80 810
77 81 701
77 82 810
77 83 701
77 84 929
77 85 810
77 86 701
77 87 810
77 88 100
77 89 100
77 90 100
77 108 96
78 79 139
78 80 7012
78 81 8103
78 82 7012
78 83 8103
78 84 5986
78 85 7012
78 86 8103
78 87 7012
78 88 98
78 89 99
78 90 99
78 108 80
79 80 7368
79 81 8103
79 82 5338
79 83 7012
79 84 8103
79 85 7012
79 86 8103
79 87 7012
79 88 100
79 89 97
79 90 98
79 108 76
80 81 4592
80 82 5716
80 83 8103
80 84 7012
80 85 8103
80 86 7012
80 87 8103
80 88 97
80 89 8103
80 90 7012
80 108 88
81 82 1585
81 83 7012
81 84 8103
81 85 7012
81 86 8103
81 87 7012
81 88 8103
81 89 7012
81 90 8103
81 108 85
82 83 7012
82 84 9135
82 85 8103
82 86 7012
82 87 8103
82 88 7012
82 89 8103
82 90 7012
82 108 89
83 84 4592
83 85 7012
83 86 8103
83 87 7012
83 88 8103
83 89 7012
83 90 8103
83 108 90
84 85 4483
84 86 8103
84 87 7012
84 88 5803
84 89 8103
84 90 7012
84 108 91
85 86 8765432
85 87 2955
85 88 7012
85 89 8765432
85 90 7012
85 108 92
86 87 6112
86 89 8103
86 90 7012
86 108 8765432
87 88 98765432
87 89 7012
87 90 8103
87 108 95
88 86 8765432
88 89 8765432
88 90 8103
88 108 92950
89 90 98765432
89 108 89910
90 108 98765432
65 110 1
65 111 1
65 112 1
65 113 1
65 114 1
66 111 1
66 112 1
66 113 1
66 114 1
66 117 1
66 119 1
67 110 1
67 113 1
67 118 1
67 119 1
67 120 1
68 111 1
68 112 1
68 117 1
68 119 1
69 110 1
69 111 1
69 114 1
69 118 1
69 120 1
70 111 1
70 112 1
70 114 1
71 111 1
71 114 1
72 112 1
72 113 1
73 110 1
73 111 1
108 97 20
108 99 20
97 98 20
97 105 3
97 101 3
97 102 2
110 109 1
98 1 10
98 105 10
98 106 10
111 109 1
99 100 10
99 107 10
112 109 1
100 1 22
113 109 1
101 103 10
101 104 10
114 109 1
102 103 10
117 109 1
103 100 3
118 109 1
104 100 10
119 109 1
105 1 10
120 109 1
106 1 2
107 105 10
108 1 23327187
109 1 9

